$ANSIBLE_VAULT;1.1;AES256
37346639313162393863303230663331623964313737313363383330663235323635313232646662
3634366631636265336632306664346465376261306337330a393362303431623031623438313662
63373630393564393834623039626232353430643665323732373463653762623864666633653530
3539616333653334340a346336303636393961366538383135373032333537313962316162623838
65356637376235623662396263373561626663633631356230643939336632353463383932636131
32643063303834613032393931366135386230643837613438313364383833303361643963623435
65386530333531346663386238326163303462663334323937356337636137633461383132376262
39393565363964346233613436386332613238666334666239623230643866666163373861396435
39643663373561666432323532316136396235313966373931383464333330376531643134646434
32326263366563313765353166303361306164323836316135313866643766313930313535663361
30663138666132343366653461366664643162386564616466393431643137666335323062366330
31393232386664346261616330616463626636386162636565356231306638353862323030646262
34633063663763653362376132396463303630316133616532633366376163393364326533396562
37316465366361663939653062656164386439633636316562393733353733306332383136633932
38323936626464393637373265323639663831316239323730396461643862636633663430613864
66663131383632366363383466623436616663303236356332323639616233636336333739356463
32663435626437383366333164373561633064636539366137626466656164646336386262316534
62356664366633616636323539383737326266613337643732636636363062623163623661663635
64366461303361653066383263656634366430333734663966633465316233316631353734333939
65633737366562653334336362363433373539393563376335663839326333636630663764333763
36306230396439383530623135373564613232363835393065376566616133346265356635366134
38323766386234646635616432613064646364376637626232393538623464613637343035333365
30616131343632643838623462323362346663363763666138353434306338396465333739666566
33313935303063303131643433396563653531363038303337306264393763666436333131353761
38626664306535316432626230393662336633346465343764643964613732666231623564646665
36326166323134303365656662313138643330313430386438343532303966346334613739656663
61656537613635616237383533386533653436623866623136336633336638643138363831356663
32666663663337653461643136656162396634393664366234653965636466613931663638663464
62616539393533623830393731306439373638636234643466313665613931353133303130633332
63303164396237366633373035386361326530333631343231653338356236383537356330623365
63343563343230343235613937373861303631326232623833383437373130623930393638646262
31376162383936313866386463366563393537313833613431653134316564313630303363376662
63366133623637323162633035613064393266386163613564323538363861306366643661363136
62306433326630333638663636383962393864316430356135643134383034333331323230656263
31396136386664363833633263323434666138323263333261366336383262303638623738323337
33353634306633313331366138383338373133366334323061386264643230303665316262383666
39353039366461656334663034646433663739396663353939323361653139386131623636373466
34643963393033636636653062363337366231323864383032633063613466386261343537383163
31343533313933616234343634666333663566363864643964353734343238633762346163353364
62346566373561313934616636663064623362616637373137316134313936643761613534303961
63643533313939393038663734383535386138636661616662316230383839393035383138396532
64313339303336363836636530386237363836343565346638613639323337326361656364353063
63363932666561313831393736363963666539373732353661356332663338323030656234653132
33613163373438353732646437633638333433663766336534616461643064336234613935316466
65646661666561313632633366316162356232336235373935623064623066393662353738323331
37346333313762653538313233373730653739313430626139333030343536393861323639313833
63336663353133633632653032323764623866306165373435326535333437386138663230333630
65643766643530343062363366366134653137663635376233333732333134633039353334343139
31313339343039393863616139643531666230633338346637656234303064326162623934613830
63623138346362656336353464646231393363326237303163373064646131393635386232333963
35306137363236353538616433396161616432393566363961313732636562643532373165396466
62373332363933313731396537366531396239313363366661376136396532356439323762613566
33626138316261363335616634663866393563653463633766656539336236343638376135643635
34653837653863323033343434643538343134393765353930633264613432366531623432323531
39623933616432303330386531383232336636633961643337303162363839386433616632303561
32383566333865396530636163356638633962343963623835656234653330623665633564626531
30626465323234306531376266313661383439376464653035613265663037376638303337393030
63363964613739643532336336346636336531633461643065633830643931313561323238623834
64643961313861333632363663306430363837623264666530323635323064613530303464373365
35633866303366336266623264613363636430643530663262326132656334326264323965643762
36336137373834306137303562393366393439316431613531303730336236333866623564353035
38376136363433613065303366326538333361656563346261353262633033316238666137373061
64313631626564303437626465626238333835636565343039366136636664343366306439323262
31376638313262633634363364353764303566373433353035323539616638393066333862343462
61663666666137396132356463636264633131373462323634313339663136343931363662616432
35386565336162653764646530636262323030623730393265373464343562326562363033633765
34303266303031623534613438663261313938363166343736343761356137376363353337643836
63316533306531323935326232623237323661646566663362353732383634626534626464613136
30313736366233346161663861666437356230323163613139386361666232363034316630393736
34623631613836373037353730663333613437636236376264366538633239626639333530646163
30386264316232633961326465346537663335303262376233333462363930616661636665353833
37336136343364346232303066303662336436643034613965666562666563306130643736646334
61393666396162346663313333636665326639366535336162396236623562306438383530616463
32326562323263396135396162396638353465613165346166643734643930303864643036623235
31326430633564613730383061316539623764643334663563323939306235616239383235393163
39656361326639373733666335303934643831353136336639376263363930633861353733383037
36646262653535636337663035393363346137366431373862343939383739376662313532633531
63656636336130386537623234333562363738373337333038373964363662626561656638623030
34623766363038333836613434383131626566353465333437333135626133363238383463623561
38613235316332333037306463646431656364383534373966613035303332313633623734343031
61653235303633613538663037646535373662653034376338396339643330643533393533383237
66333130333636366637343538333339336363333837646564663965646662353066323065633537
63376539363939333932663839636164616634636265363635393763353663666261653035323931
36636338383263366262643839616533353837643863636631353233323633343338663665373862
38373135343533616663646363323632663537656136616536333964636632393434306431363163
30643835316534653866643236393562306532353732323237396331376638636630303038663834
37316334653138373564666433613564393966363733653039666161333433653132643433363261
63633464313061386565616462616162323733666261643361316534326161393634303465393233
63343339616664343136313436663834353532663538346237353931303162663666373563626266
30613261303338393666343339636366363236623161653065613532323036643834333734376538
64396337316639353438666632303630633436623935643139366636653166393161623336613739
32376331373730663464383138363266346364656262303763333237633237303330663337616363
61373538653661643563646530613337613332643034343862383635653632653864393866626663
64333532366138656566646632366362656336663462633362306562323564323764643262643462
32363631353338653938313030666236343133653939373264376234663033646339343063616164
31353363363134396535303664303135653662363331323161636635656139653765343737363663
66333339353731386436363039396637663130323466633936393863653835356464323531306664
38613830336464373838643332313261613938313862393837373636316534613030396464636536
62646533383561363365313061396361306336643362313731363131626432633464653232663937
31643263656137393738613238303961383835333833633935663632653561646331666530316332
30333536663232363666626363656233303836323537316634393930373666663165306631393334
30393538333265626231393930376138343035613330373433643832306639643663313933306565
34623034306164613735613263613866383337623635363738353736353036643562353364393064
31313065383239666534633061373966326463326665633030663232643835333037326339393438
36633732333736336130343738653939386564316237336636646133343662613539643730333232
39323862366163316638623166646233646139366233306235363537613664346163653431336532
62633563623265363866636262643364623862363634363132643262343362363461363562626535
36376434326161376564356632313761623062663935653934613132366362643537643931353530
65303166363333303232313366353934353566323432396433633839333532313564386564336337
33343338353362353631656336323535636133306132313833383037363834313330656665613938
31303939333361356133383134656337383630353937323665393933316331346230643537666662
66353164386133613139376161643935393632653665336231393162313036643937303230323935
34393135616532643761303630326332346334643837343331633966333963313237326436343233
34636365326165373331623134366332373530323366616531343332636466616431396132656633
61383964383562393333313531633766306162313036666533383933616133376334353665326233
64346234623331323633303939386339633835623932376335646539616363326562393937653738
30343665306564636164636237633432396435616633396639333135396336613934653536333334
62656265336139393065626332613832636466363234383633396233636137323862313236373539
36626565366462656365366433633263633734336235383538663730356634643130363161643536
33636162613262333266313535653930613735663934313833383966323634303635353031656337
30333434313262343035383332643834623339653839643563633837666563373735326331343831
31623364666166356361313333336266303737626261623863396235336531653338353562356165
31643662653532376535656463393635363532653738626432663463613534353430666234353062
36336531363865366334623138636635393965666166373738326664313235323930633665376632
38333034643463646433346465343039383363396235616132353062396431333834326239626566
39306464333135313462376338393336653264353639323135636238323132376137323633643432
61383539396631383765613965303761343661343231393139666434623639633962316164303233
30323737656136643032333537623866316331366165373366663233393130323937323064346265
34323037333764623136636666393365306261313161396466636435373664356133326132366639
37646563313435366566373830363366323533333963336263613333386432393737393464373733
62623238366562666534656535663261376339346533366332346564613638303336353861626662
62393831353635333837326638366465613037306430663739303132306439393232393266623431
35316234356435323431646665383432383535353233653634343461383437653063613532646338
61316666336435663438326565333534663136343863636461613337646334653530643933633263
35396162626537326133333233663563653634323566356237306235653730313338343638363432
65306435616531656664326264323539613633346337363036326464316464353636356634313364
30306631663665303830353563336230653335316534343737373464396464666366663465313133
61313066326332323162626461343731613139386566366465656462376435653131366338613635
37666663353730623938306231343563313366343936373739303931323630396531383632626239
33316531636637306636353666313835383337316534313435373634303766353663633731386235
37633966633033616536626632633065373735376565346263626464336437633261353533316138
34316432613635353638323635616332363936313235393265346266383664316436373264313036
32356530656166343463326631386434666631323534333962363037646434346533616663386136
31343934633334306532663930383238643932376435316537326231663666643665653337626135
62396135653831333639356264333033346239313731373464326564643062366232626263663362
38373237316339643838323936303966313533363832663464656561306339396165363439633961
62303036343436643637313866386563346637376365396238646430323933333165306633616431
37353165363336383262343931666630656230613639636533386639643461356530343535346233
34613562303338616430353263356565323137346462313562303730353536346332386562336335
61356634613830343164613864653262373464383361366366613138626662663666623831396235
30363636316535396135356564383532663864656135666335323136356331666163663364653266
63353131396133333964316137373032323136353461393839616536653232373530373931343166
39303238623436313033336361333064353932653165666637373236656166666664326330623538
61613936643935386237343865333130666162313866383436656366633066623066383262346264
62626534393661353535363665626666373630396239626236646537313836303334616432656231
63393736386132333639303438653938623262643638376666326663653033633833653865663064
36353932306333613263623230363433666236373464633762623134663134353637643262623362
33663162343337346563376666653437636138666437653030656431376435313737323462343233
64393365353065323138383936626563616333653331306234343631336264643330333364336661
35666563343632383132663663636364626538343263343933666637613533626266653931666538
64333338376234623636646339636366653066353238386134326435306633616662363164326533
32643233306138363832653134366630383431616535396334633338613463336236663636363733
36643165333537636636313436336434623936633237643433343239353033383065393162336433
36363564633037333463383262333338623339623639303362396336313932333930383539363235
33303931663332623439653266386631656465626338653230333161383662336662366637393233
6633353462626531363735623461653262396665323738633033
